0.0 0.0 0
0.25 0.0 0
0.5 0.0 0
0.75 0.0 0
1.0 0.0 0
1.25 0.0 0
1.5 0.0 0
1.75 0.0 0
2.0 0.0 0
2.25 0.0 0
2.5 0.0 0
2.75 0.0 0
3.0 0.0 0
3.25 0.0 0
3.5 0.0 0
3.75 0.0 0
4.0 0.0 0
0.0 0.25 0
0.25 0.25 33.6243220684
0.5 0.25 95.9114493458
0.75 0.25 150.859795753
1.0 0.25 194.569686584
1.25 0.25 227.966822077
1.5 0.25 252.207383126
1.75 0.25 268.08547138
2.0 0.25 276.065797746
2.25 0.25 276.361911601
2.5 0.25 268.975226842
2.75 0.25 253.684232057
3.0 0.25 229.966584181
3.25 0.25 196.791499185
3.5 0.25 152.071078598
3.75 0.25 90.9906677855
4.0 0.25 0
0.0 0.5 0
0.25 0.5 38.6484087405
0.5 0.5 84.2457131577
0.75 0.5 127.711170054
1.0 0.5 164.858328111
1.25 0.5 194.486314009
1.5 0.5 216.456220177
1.75 0.5 230.899056119
2.0 0.5 237.949858227
2.25 0.5 237.664924189
2.5 0.5 229.988893156
2.75 0.5 214.722137247
3.0 0.5 191.465130974
3.25 0.5 159.523424863
3.5 0.5 117.780226604
3.75 0.5 64.7279147418
4.0 0.5 0
0.0 0.75 0
0.25 0.75 36.7861779086
0.5 0.75 74.7744556867
0.75 0.75 110.943523395
1.0 0.75 142.728864245
1.25 0.75 168.726641575
1.5 0.75 188.294906578
1.75 0.75 201.167465931
2.0 0.75 207.232446723
2.25 0.75 206.421814887
2.5 0.75 198.656043858
2.75 0.75 183.813020764
3.0 0.75 161.711065285
3.25 0.75 132.119482738
3.5 0.75 94.8610747574
3.75 0.75 50.203293376
4.0 0.75 0
0.0 1.0 0
0.25 1.0 33.784430263
0.5 1.0 67.18504462
0.75 1.0 98.6222883756
1.0 1.0 126.449690074
1.25 1.0 149.459240142
1.5 1.0 166.892079561
1.75 1.0 178.306246407
2.0 1.0 183.453439679
2.25 1.0 182.19662502
2.5 1.0 174.463204502
2.75 1.0 160.225562357
3.0 1.0 139.509311611
3.25 1.0 112.445003226
3.5 1.0 79.4038804958
3.75 1.0 41.2867120987
4.0 1.0 0
0.0 1.25 0
0.25 1.25 31.2290845644
0.5 1.25 61.6216440238
0.75 1.25 89.9735836272
1.0 1.25 115.051096657
1.25 1.25 135.831310308
1.5 1.25 151.570707559
1.75 1.25 161.774793282
2.0 1.25 166.141232353
2.25 1.25 164.510820498
2.5 1.25 156.837343294
2.75 1.25 143.179436426
3.0 1.25 123.718298464
3.25 1.25 98.8099732621
3.5 1.25 69.0853146218
3.75 1.25 35.6022021673
4.0 1.25 0
0.0 1.5 0
0.25 1.5 29.5728519415
0.5 1.5 58.1615056225
0.75 1.5 84.6619962109
1.0 1.5 108.012534025
1.25 1.5 127.306959628
1.5 1.5 141.847430729
1.75 1.5 151.143780181
2.0 1.5 154.888667641
2.25 1.5 152.930860119
2.5 1.5 145.258667091
2.75 1.5 131.999263958
3.0 1.5 113.437153823
3.25 1.5 90.0539104598
3.5 1.5 62.5877842509
3.75 1.5 32.0993092638
4.0 1.5 0
0.0 1.75 0
0.25 1.75 28.9634068755
0.5 1.75 56.8521744361
0.75 1.75 82.5630542388
1.0 1.75 105.092816774
1.25 1.75 123.599327609
1.5 1.75 137.43106011
1.75 1.75 146.127022805
2.0 1.75 149.401589403
2.25 1.75 147.128063341
2.5 1.75 139.329955237
2.75 1.75 126.184519513
3.0 1.75 108.039822276
3.25 1.75 85.4433629996
3.5 1.75 59.1751835104
3.75 1.75 30.2697776726
4.0 1.75 0
0.0 2.0 0
0.25 2.0 29.4911914019
0.5 2.0 57.7833764928
0.75 2.0 83.7079236981
1.0 2.0 106.259085783
1.25 2.0 124.629239178
1.5 2.0 138.213244532
1.75 2.0 146.594455443
2.0 2.0 149.525394994
2.25 2.0 146.912625926
2.5 2.0 138.811324121
2.75 2.0 125.431756278
3.0 2.0 107.156931291
3.25 2.0 84.5671670885
3.5 2.0 58.4623891857
3.75 2.0 29.8671446761
4.0 2.0 0
0.0 2.25 0
0.25 2.25 31.2805733224
0.5 2.25 61.1448630592
0.75 2.25 88.2888736998
1.0 2.25 111.669099206
1.25 2.25 130.508064936
1.5 2.25 144.261009118
1.75 2.25 152.574953371
2.0 2.25 155.255699903
2.25 2.25 152.248497658
2.5 2.25 143.633710913
2.75 2.25 129.636968441
3.0 2.25 110.651656602
3.25 2.25 87.2686149737
3.5 2.25 60.3026406889
3.75 2.25 30.7989382939
4.0 2.25 0
0.0 2.5 0
0.25 2.5 34.5488306725
0.5 2.5 67.2892764292
0.75 2.5 96.6963054473
1.0 2.5 121.683109207
1.25 2.5 141.535679175
1.5 2.5 155.81055972
1.75 2.5 164.251442821
2.0 2.5 166.736743649
2.25 2.5 163.254729202
2.5 2.5 153.900803836
2.75 2.5 138.893466554
3.0 2.5 118.606787096
3.25 2.5 93.6156241432
3.5 2.5 64.743198502
3.75 2.5 33.0884938643
4.0 2.5 0
0.0 2.75 0
0.25 2.75 39.6880656293
0.5 2.75 76.8297554431
0.75 2.75 109.586660352
1.0 2.75 136.894090938
1.25 2.75 158.203750563
1.5 2.75 173.256894166
1.75 2.75 181.946308103
2.0 2.75 184.247891923
2.25 2.75 180.195645636
2.5 2.75 169.884057312
2.75 2.75 153.49202139
3.0 2.75 131.329074389
3.25 2.75 103.906522762
3.5 2.75 72.0286121693
3.75 2.75 36.8743641706
4.0 2.75 0
0.0 3.0 0
0.25 3.0 47.4362701937
0.5 3.0 90.8176697834
0.75 3.0 127.989189057
1.0 3.0 158.165582912
1.25 3.0 181.191106602
1.5 3.0 197.12974501
1.75 3.0 206.091796745
2.0 3.0 208.175658578
2.25 3.0 203.458676477
2.5 3.0 192.010504884
2.75 3.0 173.924199327
3.0 3.0 149.373636939
3.25 3.0 118.715404609
3.5 3.0 82.6529382141
3.75 3.0 42.44287534
4.0 3.0 0
0.0 3.25 0
0.25 3.25 59.3019407796
0.5 3.25 111.078116981
0.75 3.25 153.449544743
1.0 3.25 186.650686043
1.25 3.25 211.328117679
1.5 3.25 228.041969678
1.75 3.25 237.178268186
2.0 3.25 238.967056315
2.25 3.25 233.515667295
2.5 3.25 220.837830351
2.75 3.25 200.883342988
3.0 3.25 173.588536586
3.25 3.25 138.991141341
3.5 3.25 97.4874328891
3.75 3.25 50.3067223064
4.0 3.25 0
0.0 3.5 0
0.25 3.5 78.7559740473
0.5 3.5 140.805968302
0.75 3.5 188.142891304
1.0 3.5 223.722242051
1.25 3.5 249.491479574
1.5 3.5 266.594535548
1.75 3.5 275.675042569
2.0 3.5 277.061417109
2.25 3.5 270.861874387
2.5 3.5 257.004547168
2.75 3.5 235.245510771
3.0 3.5 205.16868775
3.25 3.5 166.235807247
3.5 3.5 118.061497379
3.75 3.5 61.3591017574
4.0 3.5 0
0.0 3.75 0
0.25 3.75 114.978590212
0.5 3.75 185.309551327
0.75 3.75 234.65651837
1.0 3.75 270.666657292
1.25 3.75 296.38379596
1.5 3.75 313.232438818
1.75 3.75 321.92874171
2.0 3.75 322.804479776
2.25 3.75 315.928632016
2.5 3.75 301.135710744
2.75 3.75 277.988165825
3.0 3.75 245.667553465
3.25 3.75 202.784511716
3.5 3.75 147.22620787
3.75 3.75 77.1307024068
4.0 3.75 0
0.0 4.0 0
0.25 4.0 100
0.5 4.0 100
0.75 4.0 100
1.0 4.0 100
1.25 4.0 100
1.5 4.0 100
1.75 4.0 100
2.0 4.0 100
2.25 4.0 100
2.5 4.0 100
2.75 4.0 100
3.0 4.0 100
3.25 4.0 100
3.5 4.0 100
3.75 4.0 100
4.0 4.0 0
